NER:
BLEU: 0.18177392540216056
ROUGE: 0.06913502946325395
SPICE: 0.039143440828834086
