
NER:

{'testlen': 302, 'reflen': 672, 'guess': [302, 300, 298, 296], 'correct': [109, 9, 1, 0]}
ratio: 0.4494047619040932
bleu = [0.10600757787206004, 0.03056242153374422, 0.009728044273986963, 9.77632352796707e-07]
cider = 1.1314929563175203e-08
