Original summary:

{'testlen': 661, 'reflen': 672, 'guess': [661, 657, 653, 649], 'correct': [193, 17, 2, 0]}
ratio: 0.9836309523794886
bleu = [0.28716305079804305, 0.085485490855553, 0.028025806187490756, 2.403259063215734e-06]
rouge = 0.12241245254786223
spice = 0.0551819016303364

NER:

{'testlen': 302, 'reflen': 672, 'guess': [302, 300, 298, 296], 'correct': [109, 9, 1, 0]}
ratio: 0.4494047619040932
bleu = [0.10600757787206004, 0.03056242153374422, 0.009728044273986963, 9.77632352796707e-07]
cider = 1.1314929563175203e-08
rouge = 0.06550304377580976
spice = 0.039143440828834086

Sentence Similarity:

{'testlen': 339, 'reflen': 672, 'guess': [339, 335, 331, 327], 'correct': [119, 8, 1, 0]}
ratio: 0.5044642857135351
bleu = [0.13144358915260673, 0.0342837537998263, 0.010996309693363411, 1.1108267263386639e-06]
cider = 4.85050110711505e-05
rouge = 0.09148756313953152
spice = 0.04329540115286325

LLM:

{'testlen': 2162, 'reflen': 1194, 'guess': [2162, 2156, 2150, 2144], 'correct': [334, 31, 0, 0]}
ratio: 1.8107202680051837
bleu = [0.15448658649391558, 0.04713047939291233, 1.0109315522116798e-07, 1.4816141546150317e-10]
cider = 7.721956584707184e-40
rouge = 0.12435827425182161
spice = 0.05273718411434469
