
Baseline:
BLEU: 0.43731306074905685
ROUGE: 0.1234740060120463
SPICE: 0.0551819016303364

NER:
BLEU: 0.21120916276051482
ROUGE: 0.07087732089109419
SPICE: 0.03793546878653262

Sentence Similarity:
BLEU: 0.23478035219452764
ROUGE: 0.10716929038277648
SPICE: 0.0462603951480481

LLM:
BLEU: 0.2883356439756659
ROUGE: 0.11509184596711564
SPICE: 0.06239494189312128
