
Baseline:
BLEU: 0.27949448597004967
ROUGE: 0.10612038292056611
SPICE: 0.0593230681223308

NER:
BLEU: 0.0733047336091866
ROUGE: 0.05960163310047636
SPICE: 0.045577540358942625

Sentence Similarity:
BLEU: 0.08393602567332875
ROUGE: 0.08403156615713933
SPICE: 0.04704667383276391

LLM:
BLEU: 0.5312209832417027
ROUGE: 0.1745548089300173
SPICE: 0.08510284209106335
